<?xml version="1.0" standalone="no"?>
<!DOCTYPE svg PUBLIC "-//W3C//DTD SVG 20010904//EN"
 "http://www.w3.org/TR/2001/REC-SVG-20010904/DTD/svg10.dtd">
<svg version="1.0" xmlns="http://www.w3.org/2000/svg"
 width="1600.000000pt" height="496.000000pt" viewBox="0 0 1600.000000 496.000000"
 preserveAspectRatio="xMidYMid meet">

<g transform="translate(0.000000,496.000000) scale(0.100000,-0.100000)"
fill="#000000" stroke="none">
<path d="M12725 4908 c-39 -136 -44 -228 -18 -322 31 -116 100 -183 282 -275
180 -91 314 -197 424 -334 41 -50 88 -117 105 -147 20 -34 33 -49 36 -40 49
141 56 357 17 505 -72 271 -257 480 -526 594 -61 25 -246 71 -289 71 -10 0
-21 -19 -31 -52z"/>
<path d="M11730 3964 c-14 -2 -81 -14 -150 -25 -381 -62 -713 -239 -1002 -535
-149 -153 -224 -252 -325 -429 -83 -145 -189 -429 -212 -570 -6 -33 -17 -98
-26 -145 -33 -182 -29 -402 10 -590 7 -36 16 -83 19 -105 4 -22 18 -78 33
-125 127 -408 333 -721 639 -971 106 -86 192 -149 203 -149 5 0 20 -9 34 -20
35 -28 205 -111 312 -153 198 -77 454 -132 670 -144 166 -9 409 22 585 75 47
14 92 27 101 28 26 5 170 64 224 92 28 14 52 26 55 27 3 0 21 10 41 23 20 12
39 22 43 22 13 0 235 153 298 205 75 62 258 248 258 262 0 4 11 18 24 32 49
53 159 230 221 356 75 152 132 318 171 500 27 123 28 143 28 375 0 231 -1 253
-28 375 -54 248 -148 487 -266 674 -22 34 -40 65 -40 68 0 3 -14 22 -32 42
-18 20 -29 28 -24 16 41 -109 67 -529 47 -783 -33 -442 -218 -863 -501 -1141
-89 -87 -251 -216 -325 -257 -11 -6 -57 -32 -103 -58 -45 -25 -85 -46 -88 -46
-2 0 -34 -13 -69 -30 -35 -16 -69 -30 -75 -30 -6 0 -27 -8 -48 -19 -43 -21
-238 -78 -315 -91 -29 -5 -61 -11 -72 -13 -118 -25 -192 -32 -360 -31 -174 0
-199 2 -300 28 -155 39 -235 89 -277 170 -13 25 -18 50 -15 70 6 37 43 119 91
201 69 118 147 289 165 360 6 22 19 72 29 110 66 239 67 496 6 906 -28 190 -8
376 51 469 14 22 25 43 25 46 0 9 111 137 128 148 8 4 22 16 31 25 52 52 214
132 346 172 72 22 98 24 270 24 181 0 194 -1 274 -28 138 -46 214 -91 310
-187 47 -47 94 -96 104 -110 36 -48 90 -166 125 -270 l35 -105 1 -198 1 -198
58 61 c31 34 57 65 57 70 0 4 7 13 15 20 43 36 126 235 144 349 16 92 6 226
-24 325 -67 231 -199 405 -415 551 -175 118 -362 192 -625 246 -132 28 -173
32 -345 34 -107 2 -206 2 -220 -1z"/>
<path d="M14835 3250 c-222 -19 -389 -71 -578 -179 -32 -18 -56 -36 -55 -40
148 -295 173 -358 223 -556 44 -175 60 -350 52 -562 -4 -92 -10 -180 -13 -195
-7 -33 -21 -28 166 -63 247 -46 383 -96 511 -189 119 -88 121 -260 3 -350 -94
-72 -297 -114 -466 -96 -107 11 -281 51 -346 80 -24 11 -46 20 -47 20 -2 0
-22 -35 -45 -77 -52 -98 -137 -224 -201 -299 -27 -32 -45 -62 -41 -66 20 -20
207 -81 332 -109 298 -67 686 -66 943 1 332 86 540 234 654 465 93 186 91 439
-3 625 -91 180 -226 286 -507 398 -264 105 -390 154 -415 162 -57 17 -246 100
-279 122 -104 69 -109 238 -11 324 70 61 119 77 257 82 251 9 380 -15 636
-116 146 -58 159 -60 194 -24 38 37 45 85 39 257 -4 120 -7 136 -30 177 -18
30 -42 53 -75 70 -74 40 -226 86 -355 109 -103 17 -376 41 -433 37 -11 0 -60
-4 -110 -8z"/>
<path d="M38 3221 l-33 -29 -3 -1299 c-2 -914 1 -1306 9 -1324 5 -15 22 -31
35 -38 34 -15 549 -15 593 0 19 7 38 24 48 43 27 53 35 277 28 839 -6 453 -5
527 8 527 7 0 19 -12 26 -27 7 -16 23 -44 35 -63 13 -19 52 -84 88 -145 231
-392 304 -513 322 -533 73 -82 160 -113 262 -92 78 16 140 69 201 172 27 45
130 218 228 383 99 165 181 302 183 305 2 3 10 -4 18 -14 11 -16 14 -62 14
-213 0 -167 2 -194 16 -200 8 -3 22 1 29 8 8 8 80 145 161 304 80 160 220 435
309 612 107 210 167 341 175 378 7 34 10 122 8 226 -3 165 -4 171 -27 190 -22
18 -43 19 -321 19 -290 0 -298 -1 -340 -23 -41 -21 -77 -65 -121 -143 -9 -16
-107 -180 -219 -364 -112 -184 -223 -369 -247 -410 -92 -155 -112 -185 -124
-185 -7 0 -36 38 -65 85 -29 47 -67 108 -84 135 -45 72 -149 243 -300 495 -27
45 -112 192 -165 283 -33 57 -83 100 -134 116 -25 7 -135 11 -310 11 l-271 0
-32 -29z"/>
<path d="M8415 3230 c-306 -50 -622 -224 -835 -459 -161 -177 -262 -370 -322
-611 -20 -82 -23 -120 -23 -280 0 -167 3 -195 27 -290 69 -273 178 -471 362
-656 238 -238 548 -383 893 -415 288 -27 572 37 820 187 115 70 156 103 281
227 115 115 126 133 97 174 -45 64 -134 320 -171 490 -25 115 -28 152 -32 364
l-4 236 -487 8 c-430 6 -491 5 -524 -9 -64 -26 -68 -49 -65 -338 l3 -250 28
-24 28 -24 390 0 390 0 -23 -42 c-36 -66 -174 -199 -251 -241 -117 -66 -213
-90 -352 -90 -106 -1 -130 3 -200 27 -143 50 -261 131 -335 231 -170 230 -198
529 -72 769 41 79 159 209 231 256 27 17 89 48 138 68 l88 36 155 0 c148 -1
159 -2 243 -33 103 -37 151 -38 205 -4 20 12 82 45 137 72 97 49 151 72 342
149 51 20 93 40 93 43 0 4 -37 42 -83 85 -309 293 -730 416 -1172 344z"/>
<path d="M3565 3206 c-59 -26 -53 -16 -435 -761 -57 -110 -124 -240 -150 -290
-26 -49 -91 -175 -145 -280 -54 -104 -125 -242 -158 -305 -33 -63 -99 -191
-147 -285 -87 -168 -145 -282 -314 -608 -48 -93 -85 -175 -82 -183 5 -12 61
-14 363 -12 l358 3 77 155 c42 85 114 234 160 329 46 96 99 207 118 245 l35
71 314 3 c223 2 318 -1 327 -9 11 -9 14 -79 14 -371 l0 -360 34 -34 34 -34
208 0 c198 0 211 2 248 23 80 45 74 -72 77 1364 l4 1283 -27 26 c-39 39 -80
42 -508 43 -291 0 -382 -3 -405 -13z m335 -854 c0 -250 -3 -341 -12 -350 -8
-8 -56 -12 -151 -12 l-139 0 7 37 c4 21 20 69 35 108 16 38 54 140 86 225 86
235 114 304 132 318 42 32 42 28 42 -326z"/>
<path d="M5300 3210 l-265 -5 -17 -35 c-17 -33 -18 -117 -18 -1337 l0 -1302
23 -26 22 -26 308 0 c279 0 311 1 328 17 18 17 19 40 19 695 0 372 3 684 6
693 3 9 11 16 18 16 6 -1 47 -63 91 -138 83 -144 233 -398 425 -719 63 -106
129 -215 145 -243 143 -240 171 -276 229 -304 29 -14 81 -16 348 -16 292 0
316 1 331 18 23 25 21 34 -9 63 -52 48 -172 196 -234 288 -67 100 -149 258
-198 381 -132 332 -158 775 -66 1120 75 283 224 570 399 772 43 49 60 75 52
80 -7 4 -167 8 -356 8 -426 0 -397 11 -458 -165 -66 -191 -136 -451 -169 -633
-9 -51 -18 -91 -19 -90 -4 4 -128 215 -152 258 -11 19 -64 109 -118 200 -53
91 -122 206 -151 256 -67 114 -114 158 -183 173 -29 6 -55 10 -59 9 -4 -1
-126 -5 -272 -8z"/>
</g>
</svg>
